-10 2 1 2 5.343296956355594e-7 3.7108115660073045e-7
-10 3 1 1 2.5610267295811235e-7 3.3157251886265104e-7
-10 3 1 2 3.156764156867295e-7 1.6668443864324763e-7
-10 3 2 2 -8.156520240944423e-7 7.416397823977282e-7
-10 4 1 1 1.0217460982060185e-7 6.965053149045128e-7
-10 4 1 2 -2.657076413238554e-7 5.218616598912863e-8
-10 4 2 2 -3.963988720961041e-7 9.54995891236915e-7
-10 5 1 1 -8.66286738149172e-18 8.530158266150954e-7
-10 5 1 2 -6.528801066725276e-7 4.479625966854242e-10
-10 5 2 2 -1.0928314513506185e-17 1.0283019802802819e-6
-10 6 1 1 -1.0217460982543199e-7 6.965053149137032e-7
-10 6 1 2 -2.6577910573539265e-7 -5.182168194228051e-8
-10 6 2 2 3.9639887208937496e-7 9.549958912466835e-7
-10 7 1 1 -2.561026729659049e-7 3.3157251886056237e-7
-10 7 1 2 3.154465033405139e-7 -1.671186459899033e-7
-10 7 2 2 8.156520240875636e-7 7.416397823932743e-7
-10 8 1 2 5.338183810402532e-7 -3.7181592327576146e-7
-9 0 1 2 8.072214291162162e-7 5.015985022926703e-7
-9 1 1 1 2.4476436458333283e-7 1.448954021900432e-7
-9 1 1 2 1.2063247646847868e-6 3.3853217160196566e-7
-9 1 2 2 -5.296510810793763e-7 3.943072025935848e-7
-9 2 1 1 5.703285243775561e-7 6.33373230193759e-7
-9 2 1 2 1.1695637837127748e-6 1.8728503138341344e-7
-9 2 2 1 4.0456715817073213e-7 2.9884048991072005e-7
-9 2 2 2 -8.99928879459436e-7 9.237256072422011e-7
-9 3 1 1 5.713516912797787e-7 1.1846393200645e-6
-9 3 1 2 4.090653193927468e-7 8.445094157733537e-8
-9 3 2 1 1.5050690650403155e-7 1.1964689503713004e-7
-9 3 2 2 -8.088740021352685e-7 1.5364765831389974e-6
-9 4 1 1 1.7073311560280396e-7 1.561274226320774e-6
-9 4 1 2 -6.783595903155624e-7 2.170996617571411e-8
-9 4 2 1 -2.783287374806286e-7 2.93654333654477e-8
-9 4 2 2 -2.552895086740835e-7 1.9524168021044213e-6
-9 5 1 1 -1.7073311561457255e-7 1.5612742263128636e-6
-9 5 1 2 -6.783885141478104e-7 -2.07801402073807e-8
-9 5 2 1 -2.782878668057843e-7 -2.974658220898365e-8
-9 5 2 2 2.552895086603343e-7 1.9524168020982786e-6
-9 6 1 1 -5.713516912686046e-7 1.1846393200581562e-6
-9 6 1 2 4.089486245137206e-7 -8.501429652675143e-8
-9 6 2 1 1.5067165928841524e-7 -1.194394878910514e-7
-9 6 2 2 8.088740021475656e-7 1.536476583134702e-6
-9 7 1 1 -5.703285243889324e-7 6.33373230173366e-7
-9 7 1 2 1.1693043471015876e-6 -1.8889370541775155e-7
-9 7 2 1 4.0497808535238853e-7 -2.982835709174832e-7
-9 7 2 2 8.999288794483329e-7 9.237256072243559e-7
-9 8 1 1 -2.447643645837333e-7 1.4489540219612802e-7
-9 8 1 2 1.2058573890406469e-6 -3.401913441305411e-7
-9 8 2 2 5.296510810787231e-7 3.943072026004408e-7
-9 9 1 2 8.06530332828803e-7 -5.027085389246827e-7
-8 -2 1 2 4.0594953123858165e-7 3.0036826418122385e-7
-8 -1 1 1 -2.44800775984779e-7 -1.447213086559994e-7
-8 -1 1 2 1.0390200178347398e-6 2.9813659149145806e-7
-8 -1 2 2 5.297574087001862e-7 -3.9431738008884176e-7
-8 0 1 1 -1.180275628163381e-10 -4.2168512742136276e-12
-8 0 1 2 1.9279796014807704e-6 2.389113360404059e-7
-8 0 2 1 8.024033428882506e-7 5.052174824893152e-7
-8 0 2 2 1.3826591961996978e-10 5.982631388338647e-11
-8 1 1 1 5.918651014050021e-7 6.360108046307126e-7
-8 1 1 2 2.578441608546144e-6 1.6878529277596645e-7
-8 1 2 1 1.0366976166944954e-6 3.0026351178952274e-7
-8 1 2 2 -7.213274008136019e-7 7.757955405573084e-7
-8 2 1 1 1.1305019855098765e-6 1.6352448092990268e-6
-8 2 1 2 2.151379458656956e-6 1.113722907090792e-7
-8 2 2 1 8.197276462582904e-7 1.3602162300189675e-7
-8 2 2 2 -1.272823805997853e-6 1.890412344157751e-6
-8 3 1 1 8.57659942435853e-7 2.5893392209456025e-6
-8 3 1 2 2.7916730443034233e-7 5.289116801345625e-8
-8 3 2 1 1.0880996715141325e-7 4.138182104487519e-8
-8 3 2 2 -9.438546486771235e-7 2.9815599774634256e-6
-8 4 1 1 5.040829012669777e-18 3.0179709163664397e-6
-8 4 1 2 -1.0513928414619065e-6 7.193385508993266e-10
-8 4 2 1 -3.8163444854751045e-7 -2.6078174263500276e-10
-8 4 2 2 6.077409110565206e-18 3.4217417836152846e-6
-8 5 1 1 -8.576599424243367e-7 2.589339220937946e-6
-8 5 1 2 2.7909484090381547e-7 -5.327867651157747e-8
-8 5 2 1 1.088673462731834e-7 -4.1230548114329425e-8
-8 5 2 2 9.438546486900539e-7 2.9815599774561285e-6
-8 6 1 1 -1.1305019855021052e-6 1.6352448093205944e-6
-8 6 1 2 2.1512234299947894e-6 -1.1433132372842623e-7
-8 6 2 1 8.199145142366593e-7 -1.3489363373093454e-7
-8 6 2 2 1.2728238060041842e-6 1.8904123441787799e-6
-8 7 1 1 -5.918651014036312e-7 6.360108046088755e-7
-8 7 1 2 2.578205920917027e-6 -1.7233165396502228e-7
-8 7 2 1 1.0371101492198365e-6 -2.988369500328117e-7
-8 7 2 2 7.213274008141273e-7 7.757955405360846e-7
-8 8 1 1 1.1802755346057684e-10 -4.21683028180918e-12
-8 8 1 2 1.927648367276242e-6 -2.415632385534758e-7
-8 8 2 1 8.030978872440467e-7 -5.041131144702862e-7
-8 8 2 2 -1.3826592814835761e-10 5.98263349735448e-11
-8 9 1 1 2.4480077600516317e-7 -1.4472130862511457e-7
-8 9 1 2 1.0386084310047329e-6 -2.9956578712018857e-7
-8 9 2 2 -5.297574086826865e-7 -3.9431738005938413e-7
-8 10 1 2 4.0553573831481617e-7 -3.0092651865942166e-7
-7 -3 1 1 -2.5578799929925837e-7 -3.3134798735205613e-7
-7 -3 1 2 1.5479378262314073e-7 1.2379037069877856e-7
-7 -3 2 2 8.154724734559388e-7 -7.415299434003977e-7
-7 -2 1 1 -5.706789951060626e-7 -6.333281738884389e-7
-7 -2 1 2 8.235317015417786e-7 1.3927161089379183e-7
-7 -2 2 1 5.316364629165462e-7 3.7221550642183706e-7
-7 -2 2 2 9.003545803869532e-7 -9.235024611292894e-7
-7 -1 1 1 -5.925170290397668e-7 -6.360714958788883e-7
-7 -1 1 2 2.153561413425132e-6 1.3877343629098603e-7
-7 -1 2 1 1.2021073881333147e-6 3.4181229327232397e-7
-7 -1 2 2 7.22013370194567e-7 -7.75598830338155e-7
-7 0 1 1 -3.4663570643905387e-10 -4.2479722534864587e-11
-7 0 1 2 3.968369529301345e-6 1.2197857212219916e-7
-7 0 2 1 1.9238278115124527e-6 2.4572295451737056e-7
-7 0 2 2 3.540567562767485e-10 2.8619693273981852e-11
-7 1 1 1 1.2281574938513365e-6 1.4899502800502358e-6
-7 1 1 2 5.106033070899702e-6 1.0179036105713121e-7
-7 1 2 1 2.1487664968422846e-6 1.4033832159667674e-7
-7 1 2 2 -1.283900782398866e-6 1.6147331441822856e-6
-7 2 1 1 2.008952293513461e-6 3.5170468905486974e-6
-7 2 1 2 3.5017500807192464e-6 7.500767845559597e-8
-7 2 2 1 1.3728703609987847e-6 5.732749537764272e-8
-7 2 2 2 -2.0642294141802688e-6 3.810783605784331e-6
-7 3 1 1 9.594764082074628e-7 5.116374819043742e-6
-7 3 1 2 -2.751387593671794e-7 2.777075194748473e-8
-7 3 2 1 5.4773261670531256e-8 1.6355175925651732e-8
-7 3 2 2 -9.814221848544996e-7 5.481863406889544e-6
-7 4 1 1 -9.594764082290776e-7 5.116374819061888e-6
-7 4 1 2 -2.7517541875158844e-7 -2.7404754652290074e-8
-7 4 2 1 5.479614210261704e-8 -1.6274718551319208e-8
-7 4 2 2 9.814221848321834e-7 5.481863406904821e-6
-7 5 1 1 -2.008952293523905e-6 3.517046890567561e-6
-7 5 1 2 3.501643143614652e-6 -7.98249956486248e-8
-7 5 2 1 1.3729486683650445e-6 -5.543796383559122e-8
-7 5 2 2 2.0642294141693e-6 3.8107836058007707e-6
-7 6 1 1 -1.2281574938215964e-6 1.4899502800474383e-6
-7 6 1 2 5.105886156550586e-6 -1.0881188126656077e-7
-7 6 2 1 2.148958261335112e-6 -1.3738232796500156e-7
-7 6 2 2 1.283900782429484e-6 1.6147331441794333e-6
-7 7 1 1 3.4663572187739007e-10 -4.247969644290351e-11
-7 7 1 2 3.9681966560655164e-6 -1.2743653389214222e-7
-7 7 2 1 1.924164744736015e-6 -2.430763065673832e-7
-7 7 2 2 -3.5405673649106274e-10 2.8619718063059858e-11
-7 8 1 1 5.925170290463949e-7 -6.360714958993935e-7
-7 8 1 2 2.1533677118660364e-6 -1.417357672656271e-7
-7 8 2 1 1.2025770045638857e-6 -3.401582816813404e-7
-7 8 2 2 -7.220133701877565e-7 -7.75598830361154e-7
-7 9 1 1 5.706789951054762e-7 -6.333281738943467e-7
-7 9 1 2 8.233388076531554e-7 -1.4040458207022015e-7
-7 9 2 1 5.3214834080572e-7 -3.7148374681865345e-7
-7 9 2 2 -9.003545803921972e-7 -9.2350246113384e-7
-7 10 1 1 2.5578799930791356e-7 -3.313479873426436e-7
-7 10 1 2 1.5462306326459042e-7 -1.2400344147232917e-7
-7 10 2 2 -8.154724734467016e-7 -7.415299433886885e-7
-6 -4 1 1 -1.016420322562935e-7 -6.963971485086855e-7
-6 -4 1 2 -2.7329319808073795e-7 2.3983601424530114e-8
-6 -4 2 2 3.959784349106124e-7 -9.546962839083978e-7
-6 -3 1 1 -5.708774677796416e-7 -1.1847160466299418e-6
-6 -3 1 2 1.2080795240596126e-7 4.143680130212357e-8
-6 -3 2 1 3.1390299897757364e-7 1.6726167350861116e-7
-6 -3 2 2 8.084713494795336e-7 -1.5359909296079333e-6
-6 -2 1 1 -1.130540774500432e-6 -1.6352134395506845e-6
-6 -2 1 2 1.3849578948110152e-6 6.155018885648648e-8
-6 -2 2 1 1.1651569908014625e-6 1.8972888368730267e-7
-6 -2 2 2 1.2728971376189247e-6 -1.890183788214782e-6
-6 -1 1 1 -1.229085749880696e-6 -1.489977189429531e-6
-6 -1 1 2 4.052935511911139e-6 6.450355856415207e-8
-6 -1 2 1 2.5707395011408313e-6 1.7503061083406836e-7
-6 -1 2 2 1.2848393535180389e-6 -1.614799450876083e-6
-6 0 1 1 -9.348032760283637e-10 -1.0100528286943924e-10
-6 0 1 2 7.861919723541529e-6 6.129467012463464e-8
-6 0 2 1 3.96288199142022e-6 1.291394453765555e-7
-6 0 2 2 9.346762566882625e-10 -1.6988965492553093e-10
-6 1 1 1 2.497327399205833e-6 3.2545147537328038e-6
-6 1 1 2 9.746079598366804e-6 6.654144511438546e-8
-6 1 2 1 4.041908036117737e-6 6.663246431284627e-8
-6 1 2 2 -2.5191715536732154e-6 3.4070939862871285e-6
-6 2 1 1 3.215314623457888e-6 7.260925532257787e-6
-6 2 1 2 4.7893619214014696e-6 4.471484324395176e-8
-6 2 2 1 2.035615061255759e-6 2.1233888536163287e-8
-6 2 2 2 -3.2330185418215635e-6 7.590219564325412e-6
-6 3 1 1 1.2450756892825434e-17 9.259719023882015e-6
-6 3 1 2 -5.368850948155301e-7 3.5298372929470034e-10
-6 3 2 1 4.4872908247063504e-7 3.1441090016085585e-10
-6 3 2 2 1.3108096288682289e-17 9.585665825669389e-6
-6 4 1 1 -3.2153146234309477e-6 7.260925532264631e-6
-6 4 1 2 4.789297627451668e-6 -5.131135368989673e-8
-6 4 2 1 2.035643385980964e-6 -1.842862713275355e-8
-6 4 2 2 3.233018541847532e-6 7.590219564325276e-6
-6 5 1 1 -2.4973273992070413e-6 3.254514753702579e-6
-6 5 1 2 9.745974818143269e-6 -7.994009156311145e-8
-6 5 2 1 4.041997096680924e-6 -6.107287524968552e-8
-6 5 2 2 2.5191715536714362e-6 3.407093986257507e-6
-6 6 1 1 9.348032709600531e-10 -1.010052856743104e-10
-6 6 1 2 7.861825038775901e-6 -7.210547493943563e-8
-6 6 2 1 3.963057197446984e-6 -1.236888167133352e-7
-6 6 2 2 -9.346762609213357e-10 -1.6988965633440816e-10
-6 7 1 1 1.2290857499231415e-6 -1.4899771894275006e-6
-6 7 1 2 4.0528417056511815e-6 -7.007821636782844e-8
-6 7 2 1 2.5709789124976376e-6 -1.714945093442732e-7
-6 7 2 2 -1.284839353473111e-6 -1.6147994508745961e-6
-6 8 1 1 1.130540774483473e-6 -1.6352134395714118e-6
-6 8 1 2 1.3848711947728436e-6 -6.345622441503389e-8
-6 8 2 1 1.1654175916125398e-6 -1.8812592494228028e-7
-6 8 2 2 -1.272897137634683e-6 -1.89018378823707e-6
-6 9 1 1 5.708774677561596e-7 -1.1847160466245763e-6
-6 9 1 2 1.207502807073745e-7 -4.16044514011309e-8
-6 9 2 1 3.1413311936258294e-7 -1.6682960654042914e-7
-6 9 2 2 -8.084713495033655e-7 -1.5359909296006715e-6
-6 10 1 1 1.0164203225787914e-7 -6.963971484907245e-7
-6 10 1 2 -2.733261777110354e-7 -2.3609311008449855e-8
-6 10 2 2 -3.959784349093977e-7 -9.54696283890285e-7
-5 -5 1 1 6.243708933203725e-10 -8.530764940371013e-7
-5 -5 1 2 -2.8123424779391613e-7 -3.203228377201829e-8
-5 -5 2 1 -3.387385085779415e-7 2.4311955650796386e-8
-5 -5 2 2 -5.507498081074334e-10 -1.027837714389444e-6
-5 -4 1 1 -1.6979447702886728e-7 -1.5612853007833166e-6
-5 -4 1 2 -3.825616063248721e-7 -9.06766832301747e-9
-5 -4 2 1 -2.686174415142099e-7 5.2057520097204556e-8
-5 -4 2 2 2.544064865014147e-7 -1.951917196848408e-6
-5 -3 1 1 -8.56680446025356e-7 -2.589151666555567e-6
-5 -3 1 2 6.780246884599327e-8 2.4228134419733492e-9
-5 -3 2 1 4.0358183057448997e-7 8.365636450920864e-8
-5 -3 2 2 9.429070422709218e-7 -2.9812860761111303e-6
-5 -2 1 1 -2.008144969050456e-6 -3.5170036251471223e-6
-5 -2 1 2 2.063481984949105e-6 1.1768121671614242e-8
-5 -2 2 1 2.1434600061758664e-6 1.1353192005308039e-7
-5 -2 2 2 2.0634331987957963e-6 -3.8107811719909676e-6
-5 -1 1 1 -2.4978339600548483e-6 -3.2549643581601196e-6
-5 -1 1 2 7.150730683478642e-6 4.500192222223728e-9
-5 -1 2 1 5.09561551499771e-6 1.1359915288401563e-7
-5 -1 2 2 2.519676364941055e-6 -3.407613868732316e-6
-5 0 1 1 -1.3616272760348037e-9 -4.729287040592428e-10
-5 0 1 2 0.000015325938227580195 5.981964293116422e-9
-5 0 2 1 7.845281204545411e-6 7.196184081066979e-8
-5 0 2 2 1.3583895776318492e-9 -5.247657571714565e-10
-5 1 1 1 5.000236505455583e-6 7.1271265276906e-6
-5 1 1 2 0.00001779703477645719 3.521209902886355e-8
-5 1 2 1 7.120652440894495e-6 1.2410951755744923e-8
-5 1 2 2 -5.007530041561091e-6 7.342558314710993e-6
-5 2 1 1 3.8749554854063034e-6 0.000014586865705298896
-5 2 1 2 4.806670179429077e-6 2.8309328860489936e-8
-5 2 2 1 3.0123839511342057e-6 4.656622270250645e-9
-5 2 2 2 -3.878693038091562e-6 0.000014894387587184219
-5 3 1 1 -3.8749554854135456e-6 0.000014586865705298716
-5 3 1 2 4.806633416768563e-6 -3.496908028977055e-8
-5 3 2 1 3.0123883211317937e-6 -4.946249077177936e-10
-5 3 2 2 3.878693038086207e-6 0.000014894387587182088
-5 4 1 1 -5.000236505454649e-6 7.12712652770368e-6
-5 4 1 2 0.000017796963093196743 -5.96703880662602e-8
-5 4 2 1 7.12066499770077e-6 -2.615517344448962e-9
-5 4 2 2 5.007530041561792e-6 7.342558314724617e-6
-5 5 1 1 1.3616272495571812e-9 -4.72928670216742e-10
-5 5 1 2 0.00001532590845556667 -2.7049314747598764e-8
-5 5 2 1 7.84537570025766e-6 -6.117381326145549e-8
-5 5 2 2 -1.358389606406374e-9 -5.247657197698279e-10
-5 6 1 1 2.497833960039693e-6 -3.2549643581752687e-6
-5 6 1 2 7.150715515990642e-6 -1.433696513818216e-8
-5 6 2 1 5.09576902403499e-6 -1.0659178295036801e-7
-5 6 2 2 -2.5196763649582454e-6 -3.4076138687465292e-6
-5 7 1 1 2.008144969043552e-6 -3.517003625152255e-6
-5 7 1 2 2.0634627619298263e-6 -1.4611590234712876e-8
-5 7 2 1 2.1436149896637636e-6 -1.1058358764734833e-7
-5 7 2 2 -2.063433198802675e-6 -3.8107811719976307e-6
-5 8 1 1 8.56680446012621e-7 -2.5891516665250426e-6
-5 8 1 2 6.779855324189983e-8 -2.5211423798803294e-9
-5 8 2 1 4.0369669428363853e-7 -8.31004054321529e-8
-5 8 2 2 -9.429070422818513e-7 -2.981286076083383e-6
-5 9 1 1 1.6979447700508178e-7 -1.5612853007844233e-6
-5 9 1 2 -3.825488070501093e-7 9.590460269964643e-9
-5 9 2 1 -2.6854564053635886e-7 -5.242592226631849e-8
-5 9 2 2 -2.544064865217751e-7 -1.951917196849988e-6
-5 10 1 1 -6.243709272652702e-10 -8.530764940077794e-7
-5 10 1 2 -2.811896953513059e-7 3.241739991845761e-8
-5 10 2 1 -3.387049229008498e-7 -2.477700853233984e-8
-5 10 2 2 5.507497763041696e-10 -1.0278377143591614e-6
-4 -6 1 1 1.0120248465301728e-7 -6.965182159829486e-7
-4 -6 1 2 1.5145933708034056e-7 -1.2272284049124743e-7
-4 -6 2 1 -3.401276063650552e-7 -2.176277562637696e-8
-4 -6 2 2 -3.953984938981996e-7 -9.546637797071678e-7
-4 -5 1 1 1.7115712431208701e-7 -1.561140054353298e-6
-4 -5 1 2 1.1056894934193523e-7 -4.442390616759429e-8
-4 -5 2 1 -6.591703326413946e-7 1.1756592592726465e-9
-4 -5 2 2 -2.5568255382819797e-7 -1.952131946517365e-6
-4 -4 1 1 1.5503386838016358e-9 -3.0177721494601136e-6
-4 -4 1 2 5.4607917043458374e-8 -2.1585216144236424e-8
-4 -4 2 1 -6.850031899302106e-7 2.001275842357892e-8
-4 -4 2 2 -1.5271064335874868e-9 -3.4214333663399182e-6
-4 -3 1 1 -9.578175763612663e-7 -5.116162980381169e-6
-4 -3 1 2 4.528489126689355e-7 -1.985578803061835e-8
-4 -3 2 1 2.698910217860676e-7 5.296617138404381e-8
-4 -3 2 2 9.797744459999502e-7 -5.48164858735474e-6
-4 -2 1 1 -3.2138805214374703e-6 -7.26129087671713e-6
-4 -2 1 2 3.0398913998012145e-6 -3.556423602391809e-8
-4 -2 2 1 3.4850952042416706e-6 8.179834244796198e-8
-4 -2 2 2 3.231584850351198e-6 -7.59060069898712e-6
-4 -1 1 1 -5.000148367449073e-6 -7.128936221693961e-6
-4 -1 1 2 0.00001189075973478164 -6.21799971269213e-8
-4 -1 2 1 9.723967298339732e-6 8.339818169541996e-8
-4 -1 2 2 5.007436176819904e-6 -7.344387423204059e-6
-4 0 1 1 2.530445922297703e-11 -1.4593085062433936e-9
-4 0 1 2 0.000029275012380219883 -5.019186113305276e-8
-4 0 2 1 0.000015285880895355124 3.3404659213325705e-8
-4 0 2 2 -2.8869756381078522e-11 -1.4402856292207973e-9
-4 1 1 1 9.290756299713581e-6 0.00001615426780238325
-4 1 1 2 0.000029409454296974228 1.939604916389721e-9
-4 1 2 1 0.0000118262550603623 -1.565262034811295e-8
-4 1 2 2 -9.29259351914456e-6 0.00001639627619356973
-4 2 1 1 3.489098116329914e-17 0.000027442535844891593
-4 2 1 2 5.564012389154129e-6 -3.904246133841819e-9
-4 2 2 1 6.171661003760387e-6 4.268369889483311e-9
-4 2 2 2 3.781700942220316e-17 0.000027672289864472694
-4 3 1 1 -9.290756299710696e-6 0.000016154267802372646
-4 3 1 2 0.000029409422823216648 -4.234521956813065e-8
-4 3 2 1 0.00001182622512529813 3.193251734568322e-8
-4 3 2 2 9.292593519148525e-6 0.000016396276193560627
-4 4 1 1 -2.5304437142731305e-11 -1.4593084916083374e-9
-4 4 1 2 0.00002927503812128897 9.968108935464717e-9
-4 4 2 1 0.00001528591945574501 -1.23924144908631e-8
-4 4 2 2 2.8869774675986293e-11 -1.4402856112200297e-9
-4 5 1 1 5.000148367427924e-6 -7.1289362216867206e-6
-4 5 1 2 0.000011890831071081524 4.581143230381337e-8
-4 5 2 1 9.724076945604755e-6 -7.002987126946808e-8
-4 5 2 2 -5.007436176845217e-6 -7.344387423196657e-6
-4 6 1 1 3.2138805214089304e-6 -7.261290876746962e-6
-4 6 1 2 3.039936393644545e-6 3.1364389444617676e-8
-4 6 2 1 3.4852049560958594e-6 -7.700380182791053e-8
-4 6 2 2 -3.2315848503781456e-6 -7.590600699014802e-6
-4 7 1 1 9.57817576344928e-7 -5.116162980372913e-6
-4 7 1 2 4.5287572376471687e-7 1.922119781210648e-8
-4 7 2 1 2.699631182683806e-7 -5.25913551978179e-8
-4 7 2 2 -9.797744460136948e-7 -5.481648587342729e-6
-4 8 1 1 -1.5503386627610864e-9 -3.0177721494659763e-6
-4 8 1 2 5.46380250607258e-8 2.1504935632405064e-8
-4 8 2 1 -6.849752799702226e-7 -2.0951696800698707e-8
-4 8 2 2 1.5271064545152659e-9 -3.4214333663469147e-6
-4 9 1 1 -1.7115712429851006e-7 -1.5611400543526067e-6
-4 9 1 2 1.1063052910629289e-7 4.427022075942184e-8
-4 9 2 1 -6.591680886103703e-7 -2.080221807792118e-9
-4 9 2 2 2.5568255384114514e-7 -1.952131946519771e-6
-4 10 1 1 -1.012024846521546e-7 -6.965182159926482e-7
-4 10 1 2 1.5162831001363022e-7 1.2251412814880568e-7
-4 10 2 1 -3.4015704380698387e-7 2.1295782628435883e-8
-4 10 2 2 3.953984938966282e-7 -9.546637797168221e-7
-3 -7 1 1 2.5541674579358267e-7 -3.3143224924304917e-7
-3 -7 1 2 4.0645318616674464e-7 -3.005436601754753e-7
-3 -7 2 2 -8.149815276643798e-7 -7.415675750394032e-7
-3 -6 1 1 5.697706593295608e-7 -1.1844886504885086e-6
-3 -6 1 2 8.229553384165551e-7 -1.3915220402966476e-7
-3 -6 2 1 -2.687054197692561e-7 -4.8876853500770885e-8
-3 -6 2 2 -8.072890595555535e-7 -1.5363499429418959e-6
-3 -5 1 1 8.563457112345876e-7 -2.5892024805695803e-6
-3 -5 1 2 1.380302775275574e-6 -6.275202309678938e-8
-3 -5 2 1 -6.856140330693465e-7 -1.4403412371153438e-8
-3 -5 2 2 -9.425298014338543e-7 -2.981376134361621e-6
-3 -4 1 1 9.602383515248913e-7 -5.116313716740411e-6
-3 -4 1 2 2.0495641105352387e-6 -2.5759716776365428e-8
-3 -4 2 1 -1.066880075334578e-6 5.387125858141914e-9
-3 -4 2 2 -9.821756721423534e-7 -5.481778414354541e-6
-3 -3 1 1 2.4196254271379716e-9 -9.259836571716945e-6
-3 -3 1 2 3.026169898586613e-6 -1.4402336635317724e-8
-3 -3 2 1 -2.94012113748913e-7 2.9408951486639926e-8
-3 -3 2 2 -2.4169495673169073e-9 -9.58572285917799e-6
-3 -2 1 1 -3.872666770574415e-6 -0.00001458777356250419
-3 -2 1 2 6.188157556275345e-6 -4.609782726688539e-8
-3 -2 2 1 4.767499528198818e-6 6.026980315994684e-8
-3 -2 2 2 3.876401748426956e-6 -0.0000148952645211874
-3 -1 1 1 -9.290197323073958e-6 -0.00001615955774677098
-3 -1 1 2 0.000019932636232852984 -1.1764391129877826e-7
-3 -1 2 1 0.000017740492741427585 7.986148746106674e-8
-3 -1 2 2 9.29202928748801e-6 -0.000016401551821116072
-3 0 1 1 2.279363828798468e-9 -3.8470052462601184e-9
-3 0 1 2 0.00005340931144947838 -1.243228917535645e-7
-3 0 2 1 0.00002916829071417179 2.8921854108120075e-8
-3 0 2 2 -2.2819421369883e-9 -3.791880512669087e-9
-3 1 1 1 0.000011638774583382812 0.000039093231492442735
-3 1 1 2 0.000035496903558992 -4.273343695548385e-9
-3 1 2 1 0.000019845933408610377 3.505811612260039e-9
-3 1 2 2 -0.000011639033382697499 0.000039256836160763735
-3 2 1 1 -0.000011638774583399656 0.00003909323149249771
-3 2 1 2 0.00003549691766246043 -4.464404647367551e-8
-3 2 2 1 0.00001984592392344103 2.3863167473438693e-8
-3 2 2 2 0.000011639033382681336 0.00003925683616081954
-3 3 1 1 -2.2793638190178934e-9 -3.847005229719845e-9
-3 3 1 2 0.00005340939316339423 5.092272713417317e-8
-3 3 2 1 0.00002916831861536207 1.1155138635299798e-8
-3 3 2 2 2.2819421471416525e-9 -3.7918804927835135e-9
-3 4 1 1 9.290197323075366e-6 -0.000016159557746775023
-3 4 1 2 0.00001993277416287403 9.015552234432717e-8
-3 4 2 1 0.000017740592439065145 -5.5480904657186515e-8
-3 4 2 2 -9.292029287486673e-6 -0.000016401551821120395
-3 5 1 1 3.872666770553896e-6 -0.000014587773562514356
-3 5 1 2 6.188214926187721e-6 3.753815817668916e-8
-3 5 2 1 4.767576333980045e-6 -5.370338298809252e-8
-3 5 2 2 -3.876401748448433e-6 -0.000014895264521199712
-3 6 1 1 -2.419625431690282e-9 -9.259836571724697e-6
-3 6 1 2 3.026187737029008e-6 1.022131640043986e-8
-3 6 2 1 -2.9397257557657787e-7 -2.9800878598757397e-8
-3 6 2 2 2.416949561662324e-9 -9.585722859183747e-6
-3 7 1 1 -9.602383515378698e-7 -5.116313716749298e-6
-3 7 1 2 2.049598689660753e-6 2.293529779633353e-8
-3 7 2 1 -1.0668716590786202e-6 -6.847072457320981e-9
-3 7 2 2 9.821756721276751e-7 -5.481778414363919e-6
-3 8 1 1 -8.563457112269996e-7 -2.5892024805623607e-6
-3 8 1 2 1.38038853012744e-6 6.08522854828821e-8
-3 8 2 1 -6.85632931686285e-7 1.3463614280198813e-8
-3 8 2 2 9.425298014384735e-7 -2.9813761343584732e-6
-3 9 1 1 -5.697706593301082e-7 -1.1844886504729628e-6
-3 9 1 2 8.231465057981801e-7 1.380197796086033e-7
-3 9 2 1 -2.687723330056905e-7 4.850824151674292e-8
-3 9 2 2 8.072890595544673e-7 -1.5363499429264068e-6
-3 10 1 1 -2.554167458126981e-7 -3.314322492268885e-7
-3 10 1 2 4.0686644732979817e-7 2.9998415492405196e-7
-3 10 2 2 8.149815276448761e-7 -7.415675750207544e-7
-2 -7 1 1 5.704825144755307e-7 -6.332402743020167e-7
-2 -7 1 2 1.0396789702496957e-6 -3.0091254124344915e-7
-2 -7 2 1 3.148671224736193e-7 -1.6439233613809507e-7
-2 -7 2 2 -9.001010678841217e-7 -9.237116139762184e-7
-2 -6 1 1 1.1295453161983728e-6 -1.6351951570139902e-6
-2 -6 1 2 2.1538887903755774e-6 -1.4186992341905846e-7
-2 -6 2 1 4.042260636700782e-7 -7.904290566928983e-8
-2 -6 2 2 -1.2718690356817892e-6 -1.890318975245051e-6
-2 -5 1 1 2.006020910119252e-6 -3.5170595636071982e-6
-2 -5 1 2 4.0522608933826646e-6 -7.138175814997625e-8
-2 -5 2 1 2.687010101000366e-7 -4.321637118434579e-8
-2 -5 2 2 -2.061293877000543e-6 -3.8107361626779697e-6
-2 -4 1 1 3.21264288159208e-6 -7.261219858162361e-6
-2 -4 1 2 7.1470452957973875e-6 -2.1860575462478275e-8
-2 -4 2 1 -2.9858813988251733e-7 -1.0010775096901681e-8
-2 -4 2 2 -3.2303430472745782e-6 -7.590496049901763e-6
-2 -3 1 1 3.875839404452162e-6 -0.000014589222898878381
-2 -3 1 2 0.000011871948418345594 8.398063940052475e-9
-2 -3 2 1 -5.761800629110538e-7 1.6885524181326358e-8
-2 -3 2 2 -3.87957612822337e-6 -0.00001489670979172648
-2 -2 1 1 2.477281160979444e-9 -0.000027450763211793162
-2 -2 1 2 0.000019883611397034152 -8.66676805883508e-9
-2 -2 2 1 4.771161981461856e-6 4.514952533450324e-8
-2 -2 2 2 -2.479157656079386e-9 -0.00002768048238952775
-2 -1 1 1 -0.000011633371712397128 -0.000039107849082231116
-2 -1 1 2 0.00004814067281190482 -1.3072847949839413e-7
-2 -1 2 1 0.000029308032774160428 1.0645391352416406e-7
-2 -1 2 2 0.000011633627433741825 -0.00003927136047681251
-2 0 1 1 5.026875919305847e-9 4.841635372618539e-10
-2 0 1 2 0.0001179063276619739 -2.8372945524768783e-7
-2 0 2 1 0.00005315082631835634 1.2650461725125252e-7
-2 0 2 2 -5.028179753586187e-9 5.505334070062966e-10
-2 1 1 1 2.836142377405021e-17 0.00009671431977514694
-2 1 1 2 0.00003511116788066536 -2.470126654931282e-8
-2 1 2 1 0.000048039856746185205 3.310582283434259e-8
-2 1 2 2 2.520828611331324e-17 0.00009678361726264327
-2 2 1 1 -5.026875903413585e-9 4.841635590094771e-10
-2 2 1 2 0.00011790648749736991 1.2168731438354284e-7
-2 2 2 1 0.00005315098838560881 -5.345956157377731e-8
-2 2 2 2 5.0281797695266355e-9 5.505334239982377e-10
-2 3 1 1 0.000011633371712402839 -0.00003910784908221325
-2 3 1 2 0.000048140806433756046 6.437787785475098e-8
-2 3 2 1 0.00002930815293738982 -6.618792733158146e-8
-2 3 2 2 -0.000011633627433731112 -0.00003927136047680044
-2 4 1 1 -2.4772811407958826e-9 -0.000027450763211744725
-2 4 1 2 0.00001988360894858078 -1.8754107528413247e-8
-2 4 2 1 4.771213180328899e-6 -3.853881723560626e-8
-2 4 2 2 2.4791576763834137e-9 -0.000027680482389486116
-2 5 1 1 -3.8758394044216085e-6 -0.000014589222898882296
-2 5 1 2 0.00001187192840214116 -2.4740623828233506e-8
-2 5 2 1 -5.761563066917902e-7 -1.764546569120013e-8
-2 5 2 2 3.87957612824987e-6 -0.000014896709791736338
-2 6 1 1 -3.2126428815961435e-6 -7.261219858172038e-6
-2 6 1 2 7.147070779660297e-6 1.2028922094864027e-8
-2 6 2 1 -2.9860042646839323e-7 9.612563303589285e-9
-2 6 2 2 3.2303430472679807e-6 -7.590496049912914e-6
-2 7 1 1 -2.006020910114374e-6 -3.517059563631557e-6
-2 7 1 2 4.0523564553318095e-6 6.580794167927423e-8
-2 7 2 1 2.686418390186197e-7 4.358947916301412e-8
-2 7 2 2 2.0612938770050286e-6 -3.8107361627052188e-6
-2 8 1 1 -1.12954531622485e-6 -1.6351951570404693e-6
-2 8 1 2 2.1540826524054633e-6 1.3890689594743206e-7
-2 8 2 1 4.0411680017104796e-7 7.959960054578941e-8
-2 8 2 2 1.2718690356562033e-6 -1.8903189752683767e-6
-2 9 1 1 -5.704825144827935e-7 -6.332402742998282e-7
-2 9 1 2 1.0400923876366565e-6 2.994818882277911e-7
-2 9 2 1 3.146403626523689e-7 1.6482541162426985e-7
-2 9 2 2 9.001010678771332e-7 -9.237116139726754e-7
-1 -8 1 1 2.44842324904282e-7 -1.447773782319113e-7
-1 -8 1 2 8.042446064973169e-7 -5.039515343378382e-7
-1 -8 2 1 5.320511171707049e-7 -3.70034946032883e-7
-1 -8 2 2 -5.297591592270017e-7 -3.943441838422076e-7
-1 -7 1 1 5.922394929600542e-7 -6.360065917237346e-7
-1 -7 1 2 1.9259351505649272e-6 -2.447918006562087e-7
-1 -7 2 1 1.1661565018036829e-6 -1.8635317211940082e-7
-1 -7 2 2 -7.217131928448663e-7 -7.757380350546432e-7
-1 -6 1 1 1.2284371381526288e-6 -1.48997918160014e-6
-1 -6 1 2 3.966770633188657e-6 -1.2897834901355112e-7
-1 -6 2 1 2.1441747101338046e-6 -1.0562256697887406e-7
-1 -6 2 2 -1.284181061472394e-6 -1.6147625009864843e-6
-1 -5 1 1 2.4956110884466916e-6 -3.2547633035600287e-6
-1 -5 1 2 7.854055243533199e-6 -7.171528645034143e-8
-1 -5 2 1 3.4817318291513066e-6 -6.326322365673661e-8
-1 -5 2 2 -2.517451916809426e-6 -3.4073487672518516e-6
-1 -4 1 1 4.994348792209686e-6 -7.127695678092397e-6
-1 -4 1 2 0.000015307677391567495 -3.24578315081801e-8
-1 -4 2 1 4.751795303618544e-6 -2.4686534702595213e-8
-1 -4 2 2 -5.0016391156667126e-6 -7.3431075541875205e-6
-1 -3 1 1 9.28293831153111e-6 -0.000016154904865913367
-1 -3 1 2 0.00002922193048400309 -1.0389878515094139e-8
-1 -3 2 1 4.740193900867739e-6 7.060240316296167e-9
-1 -3 2 2 -9.284774014810288e-6 -0.000016396862682033306
-1 -2 1 1 0.000011629379932200557 -0.0000391054004097865
-1 -2 1 2 0.00005322147385325843 -9.312422748854649e-9
-1 -2 2 1 5.457337453966536e-6 3.691389437030271e-8
-1 -2 2 2 -0.000011629638851853929 -0.00003926886070194212
-1 -1 1 1 -8.165164539194359e-9 -0.00009686092172134393
-1 -1 1 2 0.00011739825707185305 -1.1876934708917003e-7
-1 -1 2 1 0.00003532209061578737 1.3866904132504283e-7
-1 -1 2 2 8.164252061503054e-9 -0.00009693001774971528
-1 0 1 1 -4.479163104827789e-9 -1.9228691136561743e-7
-1 0 1 2 0.00032999613941223115 -4.848365700626037e-7
-1 0 2 1 0.00011739373462186322 3.145696412029794e-7
-1 0 2 2 4.4788161974679655e-9 -1.922479330745914e-7
-1 1 1 1 4.4791630874859086e-9 -1.9228691134476997e-7
-1 1 1 2 0.00032999649173679597 3.2442722243511456e-8
-1 1 2 1 0.00011739417288294179 -1.5323005099622089e-7
-1 1 2 2 -4.478816217316896e-9 -1.9224793305550073e-7
-1 2 1 1 8.16516455961216e-9 -0.00009686092172136162
-1 2 1 2 0.00011739842609049744 -4.257639567912841e-8
-1 2 2 1 0.00003532220722758095 -8.999283112671436e-8
-1 2 2 2 -8.164252038256957e-9 -0.00009693001774973286
-1 3 1 1 -0.000011629379932182637 -0.00003910540040977012
-1 3 1 2 0.00005322147458763507 -6.382903517935552e-8
-1 3 2 1 5.457383207026926e-6 -2.9252118828729023e-8
-1 3 2 2 0.000011629638851872092 -0.000039268860701930196
-1 4 1 1 -9.282938311500899e-6 -0.00001615490486590157
-1 4 1 2 0.00002922193251938809 -2.976051289127181e-8
-1 4 2 1 4.740205650110648e-6 -4.918069889947822e-10
-1 4 2 2 9.284774014839077e-6 -0.000016396862682023172
-1 5 1 1 -4.9943487921974575e-6 -7.127695678084802e-6
-1 5 1 2 0.000015307714464550464 1.1415687015586522e-8
-1 5 2 1 4.7517585252636e-6 3.12314051397974e-8
-1 5 2 2 5.001639115681326e-6 -7.343107554175742e-6
-1 6 1 1 -2.495611088460157e-6 -3.2547633035731086e-6
-1 6 1 2 7.854149326444989e-6 6.09152145737069e-8
-1 6 2 1 3.481641043460341e-6 6.805302021446565e-8
-1 6 2 2 2.5174519167974892e-6 -3.4073487672613295e-6
-1 7 1 1 -1.2284371381380069e-6 -1.4899791816212122e-6
-1 7 1 2 3.966945577760347e-6 1.2352238379929136e-7
-1 7 2 1 2.144026595174719e-6 1.0857167132291527e-7
-1 7 2 2 1.284181061486684e-6 -1.614762501006527e-6
-1 8 1 1 -5.922394929626456e-7 -6.360065917243577e-7
-1 8 1 2 1.926270785918175e-6 2.421422610226596e-7
-1 8 2 1 1.1658983672278555e-6 1.8795714794684993e-7
-1 8 2 2 7.217131928418734e-7 -7.757380350541039e-7
-1 9 1 1 -2.4484232490573834e-7 -1.4477737822345719e-7
-1 9 1 2 8.049374027414749e-7 5.028446409802763e-7
-1 9 2 1 5.315412456157797e-7 3.7076657563666225e-7
-1 9 2 2 5.29759159225259e-7 -3.943441838356161e-7
0 -8 1 1 1.0677164016046846e-17 1.2853170743149384e-17
0 -8 1 2 1.2033247541011804e-6 -3.4000796626027794e-7
0 -8 2 1 1.2037918733685212e-6 -3.383522900800316e-7
0 -8 2 2 1.088468708812415e-17 1.4051126303292077e-17
0 -7 1 1 -1.8730931050887688e-18 -9.222609758870497e-18
0 -7 1 2 2.571556946738674e-6 -1.7222311021384998e-7
0 -7 2 1 2.5717924657648718e-6 -1.6868588991468094e-7
0 -7 2 2 -1.5374066280540737e-18 -1.0129991189317447e-17
0 -6 1 1 2.331871246594209e-18 2.4634646121281364e-18
0 -6 1 2 5.095521665355756e-6 -1.0858393726600961e-7
0 -6 2 1 5.095668209164568e-6 -1.0157670014877857e-7
0 -6 2 2 2.209793930220793e-18 3.4040476426680782e-18
0 -5 1 1 -6.459023596295467e-18 1.2296074036581167e-17
0 -5 1 2 9.724279473868292e-6 -7.084024204887581e-8
0 -5 2 1 9.724371711128476e-6 -5.7471517366552444e-8
0 -5 2 2 -4.5834625927430934e-18 8.483913371289711e-18
0 -4 1 1 4.148495488532691e-18 -9.072705841600246e-18
0 -4 1 2 0.000017737888872499873 -4.241736889343014e-8
0 -4 2 1 0.000017737936882100477 -1.804036799553908e-8
0 -4 2 2 5.932650134159758e-18 -1.2104414532170342e-17
0 -3 1 1 2.9801128811657408e-18 1.7587582972850696e-17
0 -3 1 2 0.000029288220026764882 -2.485591623637993e-8
0 -3 2 1 0.000029288227669760677 1.5383001923760953e-8
0 -3 2 2 2.8785734994640215e-18 1.5164985086128362e-17
0 -2 1 1 4.614656411035187e-18 -1.0000593835128253e-17
0 -2 1 2 0.00003527836014541818 9.334006893294464e-9
0 -2 2 1 0.000035278272648138573 5.795070071439395e-8
0 -2 2 2 5.348730717595155e-18 -1.449136383472984e-17
0 -1 1 1 1.115462916837628e-17 -2.0281738576743075e-17
0 -1 1 2 0.000034730572420570126 1.0274246963023284e-7
0 -1 2 1 0.000034730396829668593 1.5162181639618346e-7
0 -1 2 2 1.1342576367894817e-17 -2.5850167157882702e-17
0 0 1 1 9.05835438460257e-17 -1.2097669640182947e-21
0 0 1 2 0.00032976360374782214 -2.2603813508055028e-7
0 0 2 1 0.00032976360374782214 2.2603813508055028e-7
0 0 2 2 8.839112977701894e-17 9.166386639846884e-23
0 1 1 1 1.1154461853226204e-17 2.028123663129285e-17
0 1 1 2 0.000034730396829668593 -1.5162181639616483e-7
0 1 2 1 0.00003473057242057012 -1.0274246963023962e-7
0 1 2 2 1.1345504383021128e-17 2.5852655970740068e-17
0 2 1 1 4.613568862559701e-18 1.0002434301779077e-17
0 2 1 2 0.00003527827264813858 -5.7950700714395645e-8
0 2 2 1 0.000035278360145418164 -9.3340068932843e-9
0 2 2 2 5.3531645690721406e-18 1.448676266810278e-17
0 3 1 1 2.9796945932905535e-18 -1.7587917603150847e-17
0 3 1 2 0.00002928822766976067 -1.5383001923757565e-8
0 3 2 1 0.000029288220026764882 2.4855916236376542e-8
0 3 2 2 2.8781133828013154e-18 -1.5167892186860914e-17
0 4 1 1 4.148077200657504e-18 9.070112456774085e-18
0 4 1 2 0.000017737936882100474 1.8040367995540775e-8
0 4 2 1 0.00001773788887249987 4.241736889343184e-8
0 4 2 2 5.9306214379651e-18 1.2102992353394705e-17
0 5 1 1 -6.455489063750135e-18 -1.229661781081891e-17
0 5 1 2 9.724371711128492e-6 5.7471517366535503e-8
0 5 2 1 9.724279473868285e-6 7.084024204887411e-8
0 5 2 2 -4.584131853343394e-18 -8.481466387219865e-18
0 6 1 1 2.3337953708200707e-18 -2.4604529394267876e-18
0 6 1 2 5.095668209164531e-6 1.0157670014875697e-7
0 6 2 1 5.095521665355757e-6 1.0858393726600876e-7
0 6 2 2 2.2102122180959803e-18 -3.4000739078537987e-18
0 7 1 1 -1.869830459662308e-18 9.22386462249606e-18
0 7 1 2 2.5717924657648824e-6 1.6868588991468666e-7
0 7 2 1 2.5715569467386745e-6 1.7222311021385062e-7
0 7 2 2 -1.535022387165506e-18 1.0134759671094583e-17
0 8 1 1 1.0678607109216242e-17 -1.2851246618923522e-17
0 8 1 2 1.2037918733684994e-6 3.383522900800271e-7
0 8 2 1 1.20332475410119e-6 3.400079662602896e-7
0 8 2 2 1.088205187451047e-17 -1.404970412451644e-17
1 -9 1 1 -2.448423249057437e-7 1.4477737822345586e-7
1 -9 1 2 5.31541245615782e-7 -3.70766575636658e-7
1 -9 2 1 8.049374027414631e-7 -5.028446409802758e-7
1 -9 2 2 5.297591592252537e-7 3.9434418383562146e-7
1 -8 1 1 -5.922394929626456e-7 6.360065917243551e-7
1 -8 1 2 1.1658983672278568e-6 -1.8795714794685527e-7
1 -8 2 1 1.926270785918166e-6 -2.421422610226544e-7
1 -8 2 2 7.217131928418868e-7 7.757380350541039e-7
1 -7 1 1 -1.2284371381380041e-6 1.4899791816212122e-6
1 -7 1 2 2.1440265951747104e-6 -1.0857167132290458e-7
1 -7 2 1 3.966945577760359e-6 -1.235223837992918e-7
1 -7 2 2 1.2841810614866854e-6 1.6147625010065323e-6
1 -6 1 1 -2.49561108846016e-6 3.2547633035731086e-6
1 -6 1 2 3.481641043460335e-6 -6.805302021446903e-8
1 -6 2 1 7.854149326445006e-6 -6.091521457369843e-8
1 -6 2 2 2.5174519167974867e-6 3.4073487672613338e-6
1 -5 1 1 -4.9943487921974524e-6 7.127695678084804e-6
1 -5 1 2 4.751758525263595e-6 -3.1231405139796975e-8
1 -5 2 1 0.000015307714464550464 -1.1415687015586522e-8
1 -5 2 2 5.001639115681324e-6 7.343107554175742e-6
1 -4 1 1 -9.28293831150091e-6 0.000016154904865901566
1 -4 1 2 4.740205650110653e-6 4.918069889998644e-10
1 -4 2 1 0.000029221932519388067 2.9760512891280282e-8
1 -4 2 2 9.284774014839079e-6 0.000016396862682023175
1 -3 1 1 -0.000011629379932182642 0.00003910540040977012
1 -3 1 2 5.457383207026921e-6 2.9252118828737493e-8
1 -3 2 1 0.000053221474587635064 6.382903517934536e-8
1 -3 2 2 0.000011629638851872082 0.000039268860701930196
1 -2 1 1 8.165164559614837e-9 0.00009686092172136162
1 -2 1 2 0.000035322207227580946 8.999283112670588e-8
1 -2 2 1 0.00011739842609049744 4.2576395679121636e-8
1 -2 2 2 -8.164252038255618e-9 0.00009693001774973286
1 -1 1 1 4.4791630874859086e-9 1.9228691134476997e-7
1 -1 1 2 0.00011739417288294178 1.5323005099623444e-7
1 -1 2 1 0.00032999649173679597 -3.244272224348435e-8
1 -1 2 2 -4.478816217322251e-9 1.9224793305549806e-7
1 0 1 1 -4.479163104830466e-9 1.9228691136561743e-7
1 0 1 2 0.00011739373462186322 -3.145696412029794e-7
1 0 2 1 0.00032999613941223115 4.848365700626037e-7
1 0 2 2 4.47881619747332e-9 1.9224793307459074e-7
1 1 1 1 -8.16516453919302e-9 0.00009686092172134393
1 1 1 2 0.00003532209061578735 -1.3866904132503605e-7
1 1 2 1 0.00011739825707185304 1.1876934708919036e-7
1 1 2 2 8.164252061503724e-9 0.00009693001774971528
1 2 1 1 0.000011629379932200565 0.000039105400409786496
1 2 1 2 5.457337453966542e-6 -3.691389437030906e-8
1 2 2 1 0.000053221473853258454 9.31242274887159e-9
1 2 2 2 -0.000011629638851853929 0.00003926886070194212
1 3 1 1 9.282938311531104e-6 0.000016154904865913377
1 3 1 2 4.740193900867728e-6 -7.060240316308449e-9
1 3 2 1 0.000029221930484003084 1.0389878515100915e-8
1 3 2 2 -9.284774014810307e-6 0.000016396862682033302
1 4 1 1 4.994348792209686e-6 7.1276956780923945e-6
1 4 1 2 4.751795303618536e-6 2.4686534702596907e-8
1 4 2 1 0.00001530767739156751 3.245783150820805e-8
1 4 2 2 -5.001639115666707e-6 7.343107554187529e-6
1 5 1 1 2.4956110884466916e-6 3.2547633035600287e-6
1 5 1 2 3.4817318291513138e-6 6.326322365673132e-8
1 5 2 1 7.8540552435332e-6 7.171528645035372e-8
1 5 2 2 -2.517451916809421e-6 3.4073487672518483e-6
1 6 1 1 1.2284371381526288e-6 1.4899791816001382e-6
1 6 1 2 2.144174710133802e-6 1.0562256697887278e-7
1 6 2 1 3.966770633188671e-6 1.289783490135433e-7
1 6 2 2 -1.2841810614723832e-6 1.6147625009864848e-6
1 7 1 1 5.922394929600515e-7 6.36006591723732e-7
1 7 1 2 1.1661565018036702e-6 1.8635317211938764e-7
1 7 2 1 1.9259351505649323e-6 2.44791800656218e-7
1 7 2 2 -7.21713192844861e-7 7.757380350546429e-7
1 8 1 1 2.448423249042767e-7 1.4477737823190997e-7
1 8 1 2 5.320511171707105e-7 3.7003494603288926e-7
1 8 2 1 8.042446064973219e-7 5.039515343378475e-7
1 8 2 2 -5.297591592270044e-7 3.94344183842211e-7
2 -9 1 1 -5.704825144827989e-7 6.332402742998296e-7
2 -9 1 2 3.1464036265236604e-7 -1.648254116242661e-7
2 -9 2 1 1.0400923876366605e-6 -2.99481888227791e-7
2 -9 2 2 9.001010678771386e-7 9.237116139726794e-7
2 -8 1 1 -1.12954531622485e-6 1.6351951570404701e-6
2 -8 1 2 4.041168001710573e-7 -7.959960054579037e-8
2 -8 2 1 2.1540826524054747e-6 -1.3890689594743185e-7
2 -8 2 2 1.2718690356561967e-6 1.8903189752683767e-6
2 -7 1 1 -2.0060209101143852e-6 3.5170595636315623e-6
2 -7 1 2 2.6864183901861445e-7 -4.358947916301092e-8
2 -7 2 1 4.052356455331823e-6 -6.580794167928292e-8
2 -7 2 2 2.0612938770050286e-6 3.810736162705219e-6
2 -6 1 1 -3.212642881596149e-6 7.261219858172039e-6
2 -6 1 2 -2.986004264683989e-7 -9.612563303589391e-9
2 -6 2 1 7.147070779660298e-6 -1.2028922094865298e-8
2 -6 2 2 3.230343047267985e-6 7.590496049912911e-6
2 -5 1 1 -3.8758394044216085e-6 0.000014589222898882298
2 -5 1 2 -5.761563066917912e-7 1.7645465691196212e-8
2 -5 2 1 0.000011871928402141164 2.4740623828225883e-8
2 -5 2 2 3.87957612824987e-6 0.000014896709791736338
2 -4 1 1 -2.4772811407958826e-9 0.000027450763211744725
2 -4 1 2 4.7712131803289e-6 3.8538817235607955e-8
2 -4 2 1 0.00001988360894858077 1.875410752841833e-8
2 -4 2 2 2.479157676394122e-9 0.000027680482389486116
2 -3 1 1 0.000011633371712402839 0.00003910784908221325
2 -3 1 2 0.000029308152937389815 6.618792733159501e-8
2 -3 2 1 0.00004814080643375605 -6.437787785473743e-8
2 -3 2 2 -0.000011633627433731112 0.00003927136047680043
2 -2 1 1 -5.026875903424293e-9 -4.841635590108157e-10
2 -2 1 2 0.00005315098838560881 5.3459561573773924e-8
2 -2 2 1 0.00011790648749736992 -1.2168731438353607e-7
2 -2 2 2 5.028179769525297e-9 -5.505334239935528e-10
2 -1 1 1 2.8358830389224046e-17 -0.00009671431977514694
2 -1 1 2 0.000048039856746185205 -3.310582283433581e-8
2 -1 2 1 0.00003511116788066536 2.470126654931282e-8
2 -1 2 2 2.5207784167863013e-17 -0.00009678361726264327
2 0 1 1 5.026875919305847e-9 -4.8416353726085e-10
2 0 1 2 0.00005315082631835637 -1.2650461725125252e-7
2 0 2 1 0.00011790632766197391 2.837294552477014e-7
2 0 2 2 -5.028179753586187e-9 -5.505334070029503e-10
2 1 1 1 -0.000011633371712397128 0.000039107849082231116
2 1 1 2 0.000029308032774160435 -1.0645391352416406e-7
2 1 2 1 0.00004814067281190482 1.3072847949839413e-7
2 1 2 2 0.000011633627433741825 0.000039271360476812514
2 2 1 1 2.477281160979444e-9 0.00002745076321179317
2 2 1 2 4.771161981461865e-6 -4.5149525334511285e-8
2 2 2 1 0.000019883611397034152 8.666768058840162e-9
2 2 2 2 -2.479157656079386e-9 0.000027680482389527746
2 3 1 1 3.875839404452162e-6 0.000014589222898878376
2 3 1 2 -5.761800629110536e-7 -1.68855241813343e-8
2 3 2 1 0.000011871948418345605 -8.39806394005078e-9
2 3 2 2 -3.87957612822337e-6 0.00001489670979172648
2 4 1 1 3.212642881592085e-6 7.2612198581623574e-6
2 4 1 2 -2.9858813988251405e-7 1.0010775096901999e-8
2 4 2 1 7.147045295797386e-6 2.1860575462484628e-8
2 4 2 2 -3.2303430472745782e-6 7.590496049901768e-6
2 5 1 1 2.0060209101192514e-6 3.5170595636071982e-6
2 5 1 2 2.687010101000365e-7 4.321637118434305e-8
2 5 2 1 4.052260893382657e-6 7.13817581499807e-8
2 5 2 2 -2.0612938770005215e-6 3.8107361626779697e-6
2 6 1 1 1.129545316198366e-6 1.6351951570139868e-6
2 6 1 2 4.042260636700801e-7 7.90429056692867e-8
2 6 2 1 2.1538887903755753e-6 1.4186992341906799e-7
2 6 2 2 -1.2718690356817786e-6 1.8903189752450515e-6
2 7 1 1 5.704825144755253e-7 6.332402743020207e-7
2 7 1 2 3.148671224736241e-7 1.6439233613809618e-7
2 7 2 1 1.0396789702497065e-6 3.009125412434622e-7
2 7 2 2 -9.001010678841217e-7 9.237116139762232e-7
3 -10 1 1 -2.5541674581270343e-7 3.314322492268932e-7
3 -10 2 1 4.0686644732980744e-7 -2.999841549240518e-7
3 -10 2 2 8.149815276448815e-7 7.415675750207547e-7
3 -9 1 1 -5.69770659330107e-7 1.1844886504729652e-6
3 -9 1 2 -2.687723330056901e-7 -4.850824151674133e-8
3 -9 2 1 8.231465057981837e-7 -1.3801977960859874e-7
3 -9 2 2 8.072890595544673e-7 1.5363499429264098e-6
3 -8 1 1 -8.563457112269996e-7 2.589202480562359e-6
3 -8 1 2 -6.856329316862844e-7 -1.3463614280199978e-8
3 -8 2 1 1.3803885301274463e-6 -6.085228548288337e-8
3 -8 2 2 9.425298014384735e-7 2.981376134358477e-6
3 -7 1 1 -9.602383515378723e-7 5.116313716749298e-6
3 -7 1 2 -1.0668716590786283e-6 6.847072457316481e-9
3 -7 2 1 2.0495986896607594e-6 -2.2935297796335013e-8
3 -7 2 2 9.821756721276779e-7 5.48177841436392e-6
3 -6 1 1 -2.419625431690282e-9 9.259836571724697e-6
3 -6 1 2 -2.9397257557658274e-7 2.9800878598755822e-8
3 -6 2 1 3.0261877370290136e-6 -1.0221316400441553e-8
3 -6 2 2 2.4169495616656706e-9 9.585722859183747e-6
3 -5 1 1 3.872666770553893e-6 0.000014587773562514359
3 -5 1 2 4.767576333980042e-6 5.370338298809167e-8
3 -5 2 1 6.188214926187715e-6 -3.753815817668831e-8
3 -5 2 2 -3.87640174844843e-6 0.000014895264521199712
3 -4 1 1 9.290197323075359e-6 0.00001615955774677502
3 -4 1 2 0.000017740592439065145 5.54809046571899e-8
3 -4 2 1 0.00001993277416287403 -9.015552234432547e-8
3 -4 2 2 -9.292029287486673e-6 0.000016401551821120388
3 -3 1 1 -2.279363819015216e-9 3.847005229719845e-9
3 -3 1 2 0.000029168318615362076 -1.1155138635293022e-8
3 -3 2 1 0.000053409393163394246 -5.0922727134183334e-8
3 -3 2 2 2.2819421471443297e-9 3.791880492784183e-9
3 -2 1 1 -0.000011638774583399662 -0.00003909323149249771
3 -2 1 2 0.000019845923923441027 -2.386316747343361e-8
3 -2 2 1 0.00003549691766246043 4.464404647367551e-8
3 -2 2 2 0.000011639033382681337 -0.00003925683616081954
3 -1 1 1 0.000011638774583382812 -0.00003909323149244273
3 -1 1 2 0.00001984593340861037 -3.505811612261733e-9
3 -1 2 1 0.00003549690355899199 4.273343695539915e-9
3 -1 2 2 -0.000011639033382697499 -0.00003925683616076373
3 0 1 1 2.279363828798468e-9 3.847005246259783e-9
3 0 1 2 0.000029168290714171807 -2.8921854108111605e-8
3 0 2 1 0.00005340931144947838 1.243228917535645e-7
3 0 2 2 -2.281942136980938e-9 3.791880512668752e-9
3 1 1 1 -9.29019732307396e-6 0.00001615955774677098
3 1 1 2 0.000017740492741427592 -7.986148746106165e-8
3 1 2 1 0.000019932636232852984 1.1764391129878503e-7
3 1 2 2 9.292029287488008e-6 0.00001640155182111607
3 2 1 1 -3.872666770574413e-6 0.000014587773562504186
3 2 1 2 4.767499528198814e-6 -6.026980315994515e-8
3 2 2 1 6.188157556275353e-6 4.609782726689556e-8
3 2 2 2 3.876401748426956e-6 0.000014895264521187397
3 3 1 1 2.4196254271379716e-9 9.259836571716945e-6
3 3 1 2 -2.940121137489095e-7 -2.9408951486645247e-8
3 3 2 1 3.0261698985866226e-6 1.4402336635319206e-8
3 3 2 2 -2.4169495673169073e-9 9.585722859177994e-6
3 4 1 1 9.602383515248894e-7 5.116313716740413e-6
3 4 1 2 -1.0668800753345748e-6 -5.387125858146467e-9
3 4 2 1 2.0495641105352434e-6 2.5759716776366487e-8
3 4 2 2 -9.821756721423515e-7 5.48177841435454e-6
3 5 1 1 8.56345711234585e-7 2.589202480569583e-6
3 5 1 2 -6.856140330693458e-7 1.440341237115418e-8
3 5 2 1 1.3803027752755726e-6 6.275202309680113e-8
3 5 2 2 -9.425298014338543e-7 2.9813761343616174e-6
3 6 1 1 5.697706593295608e-7 1.1844886504885067e-6
3 6 1 2 -2.687054197692505e-7 4.887685350076558e-8
3 6 2 1 8.229553384165545e-7 1.3915220402966746e-7
3 6 2 2 -8.072890595555521e-7 1.5363499429418989e-6
3 7 1 1 2.55416745793584e-7 3.314322492430498e-7
3 7 2 1 4.0645318616674554e-7 3.005436601754825e-7
3 7 2 2 -8.149815276643784e-7 7.41567575039404e-7
4 -10 1 1 -1.0120248465215326e-7 6.965182159926492e-7
4 -10 1 2 -3.4015704380697064e-7 -2.1295782628450733e-8
4 -10 2 1 1.5162831001363675e-7 -1.2251412814881045e-7
4 -10 2 2 3.9539849389663286e-7 9.546637797168238e-7
4 -9 1 1 -1.7115712429851276e-7 1.5611400543526033e-6
4 -9 1 2 -6.591680886103714e-7 2.0802218077856066e-9
4 -9 2 1 1.1063052910629888e-7 -4.4270220759426906e-8
4 -9 2 2 2.556825538411445e-7 1.9521319465197745e-6
4 -8 1 1 -1.550338662759748e-9 3.0177721494659776e-6
4 -8 1 2 -6.849752799702285e-7 2.0951696800698283e-8
4 -8 2 1 5.4638025060731945e-8 -2.150493563240504e-8
4 -8 2 2 1.5271064545206198e-9 3.421433366346917e-6
4 -7 1 1 9.57817576344928e-7 5.116162980372916e-6
4 -7 1 2 2.699631182683765e-7 5.259135519781565e-8
4 -7 2 1 4.5287572376471973e-7 -1.9221197812106136e-8
4 -7 2 2 -9.797744460136976e-7 5.4816485873427285e-6
4 -6 1 1 3.2138805214089312e-6 7.261290876746964e-6
4 -6 1 2 3.4852049560958544e-6 7.700380182790418e-8
4 -6 2 1 3.039936393644543e-6 -3.13643894446217e-8
4 -6 2 2 -3.231584850378148e-6 7.590600699014802e-6
4 -5 1 1 5.000148367427924e-6 7.128936221686718e-6
4 -5 1 2 9.724076945604755e-6 7.002987126946893e-8
4 -5 2 1 0.00001189083107108153 -4.581143230381761e-8
4 -5 2 2 -5.007436176845217e-6 7.344387423196658e-6
4 -4 1 1 -2.530443714005426e-11 1.459308491607668e-9
4 -4 1 2 0.000015285919455745007 1.2392414490860558e-8
4 -4 2 1 0.000029275038121288966 -9.968108935473188e-9
4 -4 2 2 2.8869774675317033e-11 1.4402856112210334e-9
4 -3 1 1 -9.2907562997107e-6 -0.000016154267802372646
4 -3 1 2 0.000011826225125298139 -3.193251734568237e-8
4 -3 2 1 0.000029409422823216654 4.234521956813234e-8
4 -3 2 2 9.292593519148525e-6 -0.000016396276193560627
4 -2 1 1 3.48895589845235e-17 -0.000027442535844891593
4 -2 1 2 6.171661003760385e-6 -4.2683698894811935e-9
4 -2 2 1 5.564012389154135e-6 3.9042461338341955e-9
4 -2 2 2 3.7817762340378495e-17 -0.000027672289864472687
4 -1 1 1 9.290756299713578e-6 -0.00001615426780238325
4 -1 1 2 0.000011826255060362294 1.565262034810448e-8
4 -1 2 1 0.000029409454296974228 -1.9396049163981915e-9
4 -1 2 2 -9.292593519144554e-6 -0.00001639627619356973
4 0 1 1 2.530445921427664e-11 1.459308506240549e-9
4 0 1 2 0.000015285880895355117 -3.34046592133274e-8
4 0 2 1 0.000029275012380219872 5.019186113305784e-8
4 0 2 2 -2.8869756376393698e-11 1.4402856292192916e-9
4 1 1 1 -5.000148367449073e-6 7.128936221693961e-6
4 1 1 2 9.723967298339732e-6 -8.339818169541912e-8
4 1 2 1 0.000011890759734781645 6.2179997126923e-8
4 1 2 2 5.007436176819906e-6 7.344387423204059e-6
4 2 1 1 -3.213880521437476e-6 7.26129087671713e-6
4 2 1 2 3.4850952042416677e-6 -8.179834244795753e-8
4 2 2 1 3.0398913998012188e-6 3.5564236023920206e-8
4 2 2 2 3.2315848503511972e-6 7.590600698987119e-6
4 3 1 1 -9.578175763612638e-7 5.116162980381169e-6
4 3 1 2 2.698910217860655e-7 -5.2966171384041904e-8
4 3 2 1 4.5284891266893925e-7 1.9855788030627773e-8
4 3 2 2 9.797744459999496e-7 5.481648587354742e-6
4 4 1 1 1.55033868380699e-9 3.0177721494601123e-6
4 4 1 2 -6.850031899302082e-7 -2.001275842358485e-8
4 4 2 1 5.4607917043459565e-8 2.1585216144243034e-8
4 4 2 2 -1.527106433582802e-9 3.4214333663399182e-6
4 5 1 1 1.7115712431208233e-7 1.5611400543532972e-6
4 5 1 2 -6.591703326413901e-7 -1.1756592592727524e-9
4 5 2 1 1.1056894934193099e-7 4.442390616760047e-8
4 5 2 2 -2.5568255382819866e-7 1.952131946517365e-6
4 6 1 1 1.0120248465301661e-7 6.965182159829481e-7
4 6 1 2 -3.401276063650523e-7 2.1762775626381432e-8
4 6 2 1 1.514593370803333e-7 1.22722840491253e-7
4 6 2 2 -3.953984938982023e-7 9.546637797071668e-7
5 -10 1 1 -6.243709272659395e-10 8.530764940077783e-7
5 -10 1 2 -3.387049229008515e-7 2.477700853233698e-8
5 -10 2 1 -2.811896953513024e-7 -3.241739991846031e-8
5 -10 2 2 5.507497763081851e-10 1.027837714359159e-6
5 -9 1 1 1.6979447700508143e-7 1.5612853007844245e-6
5 -9 1 2 -2.685456405363647e-7 5.242592226631162e-8
5 -9 2 1 -3.825488070501059e-7 -9.590460269968084e-9
5 -9 2 2 -2.5440648652177375e-7 1.9519171968499904e-6
5 -8 1 1 8.566804460126236e-7 2.5891516665250418e-6
5 -8 1 2 4.036966942836396e-7 8.310040543214694e-8
5 -8 2 1 6.779855324190196e-8 2.5211423798776096e-9
5 -8 2 2 -9.429070422818524e-7 2.981286076083385e-6
5 -7 1 1 2.008144969043551e-6 3.517003625152255e-6
5 -7 1 2 2.1436149896637555e-6 1.1058358764734135e-7
5 -7 2 1 2.063462761929827e-6 1.4611590234711394e-8
5 -7 2 2 -2.0634331988026755e-6 3.8107811719976307e-6
5 -6 1 1 2.4978339600396924e-6 3.254964358175268e-6
5 -6 1 2 5.095769024034985e-6 1.0659178295036759e-7
5 -6 2 1 7.1507155159906385e-6 1.4336965138181736e-8
5 -6 2 2 -2.519676364958245e-6 3.4076138687465305e-6
5 -5 1 1 1.3616272495551734e-9 4.729286702150688e-10
5 -5 1 2 7.845375700257655e-6 6.117381326145506e-8
5 -5 2 1 0.000015325908455566666 2.7049314747596223e-8
5 -5 2 2 -1.358389606403697e-9 5.24765719771501e-10
5 -4 1 1 -5.0002365054546515e-6 -7.127126527703681e-6
5 -4 1 2 7.120664997700771e-6 2.615517344456162e-9
5 -4 2 1 0.000017796963093196743 5.967038806625765e-8
5 -4 2 2 5.007530041561792e-6 -7.342558314724617e-6
5 -3 1 1 -3.874955485413544e-6 -0.000014586865705298716
5 -3 1 2 3.012388321131799e-6 4.946249077160996e-10
5 -3 2 1 4.806633416768558e-6 3.4969080289765894e-8
5 -3 2 2 3.8786930380862095e-6 -0.000014894387587182088
5 -2 1 1 3.874955485406304e-6 -0.000014586865705298897
5 -2 1 2 3.0123839511342057e-6 -4.656622270251915e-9
5 -2 2 1 4.806670179429082e-6 -2.8309328860495018e-8
5 -2 2 2 -3.878693038091564e-6 -0.00001489438758718422
5 -1 1 1 5.000236505455583e-6 -7.127126527690603e-6
5 -1 1 2 7.1206524408944995e-6 -1.2410951755747888e-8
5 -1 2 1 0.000017797034776457192 -3.521209902885762e-8
5 -1 2 2 -5.007530041561088e-6 -7.342558314710993e-6
5 0 1 1 -1.3616272760348037e-9 4.729287040589081e-10
5 0 1 2 7.845281204545415e-6 -7.196184081066174e-8
5 0 2 1 0.00001532593822758019 -5.9819642931087985e-9
5 0 2 2 1.3583895776341916e-9 5.247657571727951e-10
5 1 1 1 -2.497833960054843e-6 3.254964358160118e-6
5 1 1 2 5.095615514997718e-6 -1.1359915288401394e-7
5 1 2 1 7.150730683478646e-6 -4.5001922222190695e-9
5 1 2 2 2.5196763649410528e-6 3.4076138687323147e-6
5 2 1 1 -2.008144969050456e-6 3.517003625147123e-6
5 2 1 2 2.1434600061758642e-6 -1.1353192005307775e-7
5 2 2 1 2.063481984949107e-6 -1.1768121671607254e-8
5 2 2 2 2.063433198795795e-6 3.8107811719909676e-6
5 3 1 1 -8.566804460253534e-7 2.5891516665555667e-6
5 3 1 2 4.035818305744951e-7 -8.365636450920652e-8
5 3 2 1 6.780246884599617e-8 -2.422813441968836e-9
5 3 2 2 9.429070422709232e-7 2.981286076111128e-6
5 4 1 1 -1.6979447702886527e-7 1.5612853007833172e-6
5 4 1 2 -2.686174415142104e-7 -5.2057520097206316e-8
5 4 2 1 -3.825616063248725e-7 9.067668323021519e-9
5 4 2 2 2.5440648650141404e-7 1.951917196848407e-6
5 5 1 1 6.243708933250573e-10 8.530764940371013e-7
5 5 1 2 -3.3873850857793954e-7 -2.431195565080266e-8
5 5 2 1 -2.812342477939122e-7 3.203228377202455e-8
5 5 2 2 -5.507498081081026e-10 1.0278377143894426e-6
6 -10 1 1 1.0164203225787779e-7 6.963971484907265e-7
6 -10 2 1 -2.7332617771103257e-7 2.3609311008453653e-8
6 -10 2 2 -3.959784349093987e-7 9.546962838902864e-7
6 -9 1 1 5.708774677561589e-7 1.184716046624578e-6
6 -9 1 2 3.141331193625815e-7 1.6682960654042374e-7
6 -9 2 1 1.2075028070737768e-7 4.160445140113008e-8
6 -9 2 2 -8.084713495033666e-7 1.5359909296006696e-6
6 -8 1 1 1.1305407744834683e-6 1.6352134395714107e-6
6 -8 1 2 1.1654175916125362e-6 1.881259249422725e-7
6 -8 2 1 1.3848711947728436e-6 6.345622441503749e-8
6 -8 2 2 -1.2728971376346812e-6 1.8901837882370678e-6
6 -7 1 1 1.2290857499231387e-6 1.4899771894275006e-6
6 -7 1 2 2.5709789124976376e-6 1.7149450934427448e-7
6 -7 2 1 4.052841705651184e-6 7.00782163678331e-8
6 -7 2 2 -1.284839353473111e-6 1.6147994508745974e-6
6 -6 1 1 9.348032709587147e-10 1.0100528567364115e-10
6 -6 1 2 3.963057197446976e-6 1.236888167133388e-7
6 -6 2 1 7.86182503877591e-6 7.210547493943902e-8
6 -6 2 2 -9.346762609186587e-10 1.6988965633641593e-10
6 -5 1 1 -2.4973273992070404e-6 -3.254514753702579e-6
6 -5 1 2 4.041997096680918e-6 6.107287524969653e-8
6 -5 2 1 9.745974818143283e-6 7.994009156310806e-8
6 -5 2 2 2.519171553671437e-6 -3.407093986257505e-6
6 -4 1 1 -3.215314623430949e-6 -7.260925532264631e-6
6 -4 1 2 2.03564338598096e-6 1.8428627132758633e-8
6 -4 2 1 4.789297627451673e-6 5.1311353689890375e-8
6 -4 2 2 3.2330185418475306e-6 -7.5902195643252725e-6
6 -3 1 1 1.2450756892825434e-17 -9.259719023882015e-6
6 -3 1 2 4.4872908247063673e-7 -3.144109001545825e-10
6 -3 2 1 -5.368850948155303e-7 -3.529837292959709e-10
6 -3 2 2 1.3109936755333113e-17 -9.585665825669387e-6
6 -2 1 1 3.215314623457887e-6 -7.260925532257787e-6
6 -2 1 2 2.0356150612557548e-6 -2.1233888536165087e-8
6 -2 2 1 4.789361921401468e-6 -4.471484324395473e-8
6 -2 2 2 -3.2330185418215606e-6 -7.590219564325407e-6
6 -1 1 1 2.497327399205834e-6 -3.254514753732803e-6
6 -1 1 2 4.041908036117738e-6 -6.663246431285072e-8
6 -1 2 1 9.746079598366802e-6 -6.6541445114388e-8
6 -1 2 2 -2.5191715536732133e-6 -3.4070939862871246e-6
6 0 1 1 -9.348032760270253e-10 1.0100528286860266e-10
6 0 1 2 3.962881991420221e-6 -1.291394453765559e-7
6 0 2 1 7.861919723541534e-6 -6.129467012464015e-8
6 0 2 2 9.346762566879279e-10 1.698896549273714e-10
6 1 1 1 -1.2290857498806984e-6 1.48997718942953e-6
6 1 1 2 2.570739501140831e-6 -1.7503061083406137e-7
6 1 2 1 4.0529355119111385e-6 -6.450355856415652e-8
6 1 2 2 1.2848393535180378e-6 1.6147994508760835e-6
6 2 1 1 -1.130540774500434e-6 1.6352134395506821e-6
6 2 1 2 1.1651569908014636e-6 -1.8972888368730484e-7
6 2 2 1 1.3849578948110173e-6 -6.155018885648479e-8
6 2 2 2 1.2728971376189247e-6 1.89018378821478e-6
6 3 1 1 -5.708774677796403e-7 1.1847160466299403e-6
6 3 1 2 3.139029989775752e-7 -1.6726167350861852e-7
6 3 2 1 1.2080795240596197e-7 -4.1436801302127793e-8
6 3 2 2 8.084713494795332e-7 1.535990929607932e-6
6 4 1 1 -1.0164203225629215e-7 6.963971485086858e-7
6 4 2 1 -2.732931980807393e-7 -2.3983601424528394e-8
6 4 2 2 3.959784349106131e-7 9.546962839083957e-7
7 -10 1 1 2.5578799930791827e-7 3.3134798734264274e-7
7 -10 2 1 1.5462306326459664e-7 1.2400344147232591e-7
7 -10 2 2 -8.154724734466986e-7 7.41529943388685e-7
7 -9 1 1 5.706789951054749e-7 6.333281738943478e-7
7 -9 1 2 5.32148340805719e-7 3.7148374681864657e-7
7 -9 2 1 8.233388076531505e-7 1.4040458207021603e-7
7 -9 2 2 -9.003545803921976e-7 9.235024611338388e-7
7 -8 1 1 5.925170290463953e-7 6.360714958993942e-7
7 -8 1 2 1.2025770045638876e-6 3.401582816813405e-7
7 -8 2 1 2.153367711866041e-6 1.4173576726562984e-7
7 -8 2 2 -7.220133701877532e-7 7.755988303611583e-7
7 -7 1 1 3.4663572187739007e-10 4.2479696442401567e-11
7 -7 1 2 1.924164744736011e-6 2.4307630656738944e-7
7 -7 2 1 3.96819665606552e-6 1.2743653389214752e-7
7 -7 2 2 -3.540567364902262e-10 -2.861971806155402e-11
7 -6 1 1 -1.228157493821595e-6 -1.4899502800474372e-6
7 -6 1 2 2.148958261335111e-6 1.3738232796500124e-7
7 -6 2 1 5.105886156550586e-6 1.0881188126656246e-7
7 -6 2 2 1.2839007824294832e-6 -1.6147331441794292e-6
7 -5 1 1 -2.0089522935239036e-6 -3.517046890567561e-6
7 -5 1 2 1.3729486683650455e-6 5.543796383559228e-8
7 -5 2 1 3.501643143614657e-6 7.982499564862204e-8
7 -5 2 2 2.0642294141693e-6 -3.810783605800768e-6
7 -4 1 1 -9.594764082290767e-7 -5.116374819061887e-6
7 -4 1 2 5.4796142102620155e-8 1.6274718551319797e-8
7 -4 2 1 -2.751754187515867e-7 2.740475465229398e-8
7 -4 2 2 9.81422184832184e-7 -5.481863406904821e-6
7 -3 1 1 9.594764082074605e-7 -5.116374819043743e-6
7 -3 1 2 5.4773261670530674e-8 -1.635517592565206e-8
7 -3 2 1 -2.7513875936718054e-7 -2.7770751947484663e-8
7 -3 2 2 -9.814221848544956e-7 -5.481863406889544e-6
7 -2 1 1 2.0089522935134597e-6 -3.517046890548696e-6
7 -2 1 2 1.3728703609987783e-6 -5.732749537763753e-8
7 -2 2 1 3.5017500807192464e-6 -7.500767845560148e-8
7 -2 2 2 -2.0642294141802688e-6 -3.8107836057843298e-6
7 -1 1 1 1.228157493851338e-6 -1.4899502800502358e-6
7 -1 1 2 2.1487664968422803e-6 -1.4033832159667695e-7
7 -1 2 1 5.106033070899699e-6 -1.0179036105713332e-7
7 -1 2 2 -1.2839007823988659e-6 -1.6147331441822823e-6
7 0 1 1 -3.466357064387192e-10 4.247972253452996e-11
7 0 1 2 1.923827811512458e-6 -2.457229545173658e-7
7 0 2 1 3.968369529301345e-6 -1.219785721222034e-7
7 0 2 2 3.540567562764139e-10 -2.8619693270133605e-11
7 1 1 1 -5.925170290397594e-7 6.360714958788893e-7
7 1 1 2 1.20210738813332e-6 -3.418122932723176e-7
7 1 2 1 2.1535614134251344e-6 -1.387734362909892e-7
7 1 2 2 7.22013370194571e-7 7.755988303381586e-7
7 2 1 1 -5.70678995106064e-7 6.333281738884405e-7
7 2 1 2 5.316364629165511e-7 -3.7221550642184087e-7
7 2 2 1 8.235317015417776e-7 -1.3927161089378728e-7
7 2 2 2 9.003545803869563e-7 9.235024611292929e-7
7 3 1 1 -2.557879992992597e-7 3.3134798735205534e-7
7 3 2 1 1.5479378262313872e-7 -1.2379037069877668e-7
7 3 2 2 8.15472473455937e-7 7.415299434003967e-7
8 -10 2 1 4.0553573831481977e-7 3.00926518659425e-7
8 -9 1 1 2.4480077600516487e-7 1.4472130862511423e-7
8 -9 2 1 1.0386084310047356e-6 2.9956578712018984e-7
8 -9 2 2 -5.297574086826839e-7 3.9431738005938413e-7
8 -8 1 1 1.180275534599076e-10 4.216830282562098e-12
8 -8 1 2 8.030978872440481e-7 5.041131144702822e-7
8 -8 2 1 1.9276483672762486e-6 2.415632385534794e-7
8 -8 2 2 -1.3826592814902688e-10 -5.982633497337748e-11
8 -7 1 1 -5.91865101403633e-7 -6.360108046088752e-7
8 -7 1 2 1.0371101492198381e-6 2.988369500328135e-7
8 -7 2 1 2.578205920917034e-6 1.7233165396502058e-7
8 -7 2 2 7.213274008141332e-7 -7.757955405360817e-7
8 -6 1 1 -1.1305019855021064e-6 -1.6352448093205944e-6
8 -6 1 2 8.199145142366676e-7 1.34893633730932e-7
8 -6 2 1 2.1512234299947945e-6 1.1433132372841988e-7
8 -6 2 2 1.2728238060041853e-6 -1.8904123441787776e-6
8 -5 1 1 -8.576599424243354e-7 -2.589339220937946e-6
8 -5 1 2 1.0886734627318274e-7 4.1230548114336804e-8
8 -5 2 1 2.7909484090381706e-7 5.327867651157485e-8
8 -5 2 2 9.438546486900532e-7 -2.981559977456129e-6
8 -4 1 1 5.045597494446912e-18 -3.017970916366439e-6
8 -4 1 2 -3.81634448547511e-7 2.6078174263256754e-10
8 -4 2 1 -1.0513928414619002e-6 -7.193385508993795e-10
8 -4 2 2 6.0751921848267134e-18 -3.421741783615286e-6
8 -3 1 1 8.576599424358552e-7 -2.589339220945603e-6
8 -3 1 2 1.0880996715141781e-7 -4.138182104487529e-8
8 -3 2 1 2.791673044303442e-7 -5.289116801346034e-8
8 -3 2 2 -9.438546486771229e-7 -2.9815599774634252e-6
8 -2 1 1 1.1305019855098826e-6 -1.6352448092990285e-6
8 -2 1 2 8.197276462582856e-7 -1.3602162300189516e-7
8 -2 2 1 2.151379458656952e-6 -1.1137229070908365e-7
8 -2 2 2 -1.2728238059978548e-6 -1.8904123441577498e-6
8 -1 1 1 5.918651014050021e-7 -6.360108046307108e-7
8 -1 1 2 1.036697616694498e-6 -3.002635117895225e-7
8 -1 2 1 2.578441608546149e-6 -1.687852927759694e-7
8 -1 2 2 -7.213274008136016e-7 -7.757955405573062e-7
8 0 1 1 -1.1802756281499958e-10 4.216851273544367e-12
8 0 1 2 8.024033428882542e-7 -5.052174824893158e-7
8 0 2 1 1.927979601480771e-6 -2.3891133604040844e-7
8 0 2 2 1.3826591961996978e-10 -5.982631388054211e-11
8 1 1 1 -2.44800775984779e-7 1.4472130865599922e-7
8 1 2 1 1.0390200178347393e-6 -2.981365914914556e-7
8 1 2 2 5.297574087001879e-7 3.943173800888421e-7
8 2 2 1 4.059495312385863e-7 -3.0036826418121824e-7
9 -9 2 1 8.065303328288102e-7 5.02708538924689e-7
9 -8 1 1 -2.4476436458373263e-7 -1.448954021961267e-7
9 -8 2 1 1.2058573890406416e-6 3.40191344130548e-7
9 -8 2 2 5.296510810787258e-7 -3.943072026004378e-7
9 -7 1 1 -5.703285243889324e-7 -6.333732301733662e-7
9 -7 1 2 4.0497808535239075e-7 2.9828357091748436e-7
9 -7 2 1 1.1693043471015944e-6 1.8889370541775214e-7
9 -7 2 2 8.999288794483346e-7 -9.23725607224356e-7
9 -6 1 1 -5.713516912686048e-7 -1.1846393200581568e-6
9 -6 1 2 1.506716592884241e-7 1.194394878910479e-7
9 -6 2 1 4.089486245137239e-7 8.501429652674847e-8
9 -6 2 2 8.088740021475664e-7 -1.536476583134698e-6
9 -5 1 1 -1.707331156145733e-7 -1.5612742263128646e-6
9 -5 1 2 -2.782878668057876e-7 2.9746582208984324e-8
9 -5 2 1 -6.783885141478056e-7 2.078014020738139e-8
9 -5 2 2 2.552895086603356e-7 -1.952416802098279e-6
9 -4 1 1 1.7073311560280486e-7 -1.5612742263207723e-6
9 -4 1 2 -2.7832873748062725e-7 -2.936543336543943e-8
9 -4 2 1 -6.783595903155637e-7 -2.170996617571485e-8
9 -4 2 2 -2.552895086740846e-7 -1.952416802104422e-6
9 -3 1 1 5.713516912797786e-7 -1.1846393200645e-6
9 -3 1 2 1.5050690650402694e-7 -1.196468950371259e-7
9 -3 2 1 4.090653193927495e-7 -8.445094157733887e-8
9 -3 2 2 -8.088740021352639e-7 -1.536476583138994e-6
9 -2 1 1 5.703285243775568e-7 -6.333732301937588e-7
9 -2 1 2 4.045671581707356e-7 -2.988404899107185e-7
9 -2 2 1 1.1695637837127725e-6 -1.872850313834209e-7
9 -2 2 2 -8.999288794594353e-7 -9.237256072421987e-7
9 -1 1 1 2.447643645833314e-7 -1.448954021900425e-7
9 -1 2 1 1.2063247646847883e-6 -3.385321716019659e-7
9 -1 2 2 -5.29651081079376e-7 -3.943072025935828e-7
9 0 2 1 8.072214291162144e-7 -5.015985022926761e-7
10 -8 2 1 5.338183810402571e-7 3.718159232757606e-7
10 -7 1 1 -2.5610267296590304e-7 -3.3157251886056305e-7
10 -7 2 1 3.154465033405121e-7 1.6711864598990026e-7
10 -7 2 2 8.156520240875687e-7 -7.416397823932725e-7
10 -6 1 1 -1.0217460982543098e-7 -6.965053149137027e-7
10 -6 2 1 -2.6577910573538556e-7 5.182168194227507e-8
10 -6 2 2 3.963988720893741e-7 -9.54995891246683e-7
10 -5 1 1 -8.661194229990971e-18 -8.530158266150962e-7
10 -5 2 1 -6.528801066725329e-7 -4.4796259669235927e-10
10 -5 2 2 -1.0924675408992056e-17 -1.028301980280282e-6
10 -4 1 1 1.0217460982060001e-7 -6.965053149045125e-7
10 -4 2 1 -2.657076413238613e-7 -5.2186165989132986e-8
10 -4 2 2 -3.9639887209610305e-7 -9.549958912369117e-7
10 -3 1 1 2.561026729581115e-7 -3.315725188626524e-7
10 -3 2 1 3.1567641568672455e-7 -1.6668443864325033e-7
10 -3 2 2 -8.156520240944413e-7 -7.416397823977238e-7
10 -2 2 1 5.343296956355552e-7 -3.71081156600731e-7
